image: default.pgm
resolution: 0.034630
#origin: [-3.000000, -1.000000, 0.000000]
# origin: [0.000000, 0.000000, 0.000000]
origin: [-18.50, -14.00, 0.000000]
negate: 0
occupied_thresh: 0.65
free_thresh: 0.196

